+2348023513529
+2347030230128
+2348088934701
+2348067921113
+2348034277715
+2349034491921
+2348171746595
+2348064356684
+2348032671677
+2348087336360
+2348036694496
+2348033073844
+2348029921907
+2349074473285
+2348126947939
+2348037777856
+2348033730440
+2348050228539
+2348060071378
+2348180416857
+2347034628006
+2347086963141
+2348033746407
+2348072176479
+2348036740357
+2348033436607
+2348035668405
+2348034133765
+2348034098470
+2348174130717
+2348024985258
+2347030655796
+2348036461174
+2348055470098
+2348033807021
+2348166151315
+2348021113500
+2347062956165
+2348126132922
+2348063620822
+2347038552815
+2349036085979
+23408097020693
+2348056304738
+2348030941972
+2348064656948
+2347033333940
+2348067060684
+2348062338698
+2348069117036
+2347068312172
+2348067346314
+2347088642116
+2347065702339
+2348165797471
+2348022375004
+2349030661210
+2347064199006
+23408080046912
+23409067108960
+2347035147335
+2340850881389
+2348037362950
+2348128944069
+2348064356836
+2348130680044
+2347038964944
+2348118967309
+2347067017539
+2348093503685
+2349099299085
+2347035622160
+2348099705321
+2349065433161
+2348126744663
+2348125660739
+2348161385036
+2348036998100
+2348144520243
+2347062291127
+2347069388164
+2348130652516
+2348066914679
+2340936853359
+2348064512245
+2348022132771
+2347052610715
+2347069526159
+2347033809679
+2348023998782
+2348068250151
+2348065082602
+2348107694243
+2348102921880
+2347062844124
+2348092883467
+2347038890228
+2348022445566
+2348037573184
+2348065005448
+2349033440231
+2348037724286
+2348065043414
+2348135709925
+2340805364019
+2348038452032
+2348182497286
+2348136571913
+2348062618954
+2347046062728
+2348029764214
+2348162418228
+2348065261277
+2348095507450
+2347035195770
+2348133835662
+2348082868753
+2348025386168
+2348036363122
+2348065582816
+2348179627264
+2347038273737
+2347064356852
+2348132154942
+2348029618548
+2348067567269
+2348134852190
+2348088785906
+2347050656312
+2348039124049
+2348023703516
+2349027113976
+2348120117303
+2347067884894
+2348087524900
+2348060527777
+2349070303743
+2348067696943
+2348139905856
+2348036584306
+2347013045006
+2348023964337
+2349020068531
+2349092090569
+2348034456799
+256785342346
+2347053994736
+2347056340075
+2347032930005
+2347088338655
+2348107730042
+2348148423412
+2348134787235
+2347084995681
+2348038923314
+2348158345656
+2348035504638
+2348035135761
+2348165788255
+2348162525863
+2348033817147
+2348128233671
+2348188149065
+2348127807415
+2347030845052
+2348180584080
+2347031116254
+2347038154749
+2348134240952
+2348065791831
+2348031544233
+2348034615058
+2348057759592
+2347032147747
+2348037311107
+2348032559954
+2348076389554
+2349066818525
+2348036905060
+2348137434023
+2348114368968
+2348138643646
+2347037411419
+2348090882970
+2347016851903
+2348031581903
+2347067345371
+2347068398426
+2348083132739
+2349020284006
+2348148441961
+2348109296690
+2347067210274
+2347062188148
+23481045566
+2347030149931
+2348150534276
+2348108847692
+2349075137823
+2348055511052
+2347062948782
+2348058932880
+2349091359497
+2348035993391
+2348054424823
+2348131504628
+2347069404824
+2348113655492
+2348023065000
+2348059617880
+2347067162850
+2348095554224
+2348058158811
+2348123984805
+2348037786127
+2348074782129

